1500
1500
1500
1500
1500
1500
1861.4
1861.4
2042.2
2222.9
2222.9
2403.6
2584.3
2584.3
2765.1
2945.8
2945.8
3126.5
3307.2
3307.2
3488
3668.7
3668.7
3849.4
4030.1
4030.1
4391.6
4391.6
4391.6
4391.6
4391.6
4391.6
4753
4753
4933.7
5114.5
5114.5
5295.2
5476
5476
5656.6
5837.3
5837.3
6018.1
6198.8
6198.8
6379.5
6560.2
6560.2
6741
6921.7
6921.7
7283.1
7283.1
7463.9
7644.6
7644.6
7825.3
8006
8006
8186.7
8367.5
8367.5
8548.2
8728.9
8728.9
8909.6
9090.4
9090.4
9271.1
9451.8
9451.8
9632.5
9813.3
9813.3
10174.7
10174.7
10174.7
10174.7
10174.7
10174.7
10536.1
10536.1
10536.1
10536.1
10897.6
10897.6
11078.3
11078.3
11078.3
11078.3
11259
11259
11439.8
11439.8
11439.8
11439.8
11620.5
11620.5
11801.2
11801.2
11801.2
11801.2
11981.9
11981.9
12162.7
12162.7
12162.7
12162.7
12343.3
12343.3
12524.1
12524.1
12524.1
12524.1
12704.8
12704.8
13066.3
13066.3
13427.7
13427.7
13789.2
13789.2
14150.6
14150.6
14331.3
14331.3
14692.8
14692.8
14873.5
14873.5
15054.2
15054.2
15234.9
15234.9
18488
18849.4
19030.1
19030.1
19030.1
19210.8
19391.6
19391.6
19391.6
19572.3
19753
19753
19933.7
19933.7
20114.5
20295.2
20475.9
20475.9
20475.9
20656.6
20837.3
20837.3
20837.3
21018.1
21198.8
21198.8
21379.5
21379.5
21560.2
21741
21921.7
21921.7
21921.7
22102.4
22283.1
22283.1
22283.1
22468.9
22644.6
22644.6
22644.6
22825.3
23006
23006
23006
23186.7
23367.5
23367.5
23367.5
23367.5
23548.2
23728.9
23728.9
23728.9
23728.9
23909.6
24090.4
24090.4
24271.1
24271.1
24451.8
24542.1
24632.5
24813.3
24813.3
24813.3
24994
25174.7
25174.7
25174.7
25355.4
25536.1
25536.1
25716.7
25716.7
25897.6
26078.3
26259
26259
26259
26439.8
26620.5
26620.5
26620.5
26801.2
26981.9
26981.9
27162.7
27162.7
27343.4
27524.1
27704.8
27704.8
27704.8
27885.5
28066.3
28066.3
28066.3
28247
28427.7
28427.7
28427.7
28608.4
28789.2
28789.2
28789.2
28969.9
29150.6
29150.6
29150.6
29150.6
29331.3
29512
29512
29512
29512
29692.8
29692.8
29692.8
30054.2
30054.2
30415.7
30415.7
30415.7
30686.7
30686.7
30686.7
30957.8
30957.8
30957.8
31319.3
31500
31680.7
31861.4
31861.4
31861.4
32132.5
32132.5
32132.5
32403.6
32403.6
32403.6
32765.1
32945.8
33126.5
33307.2
33307.2
33488
33488
33668.7
33668.7
34030.1
34030.1
34210.8
34210.8
34391.6
34391.6
34753
34933.7
34933.7
35114.5
35295.2
35295.2
35475.9
35475.9
35475.9
35656.6
35837.3
36018.1
36198.8
36198.8
36198.8
36469.9
36469.9
36469.9
36741
36741
36741
37102.4
37283.1
37463.9
37644.6
37644.6
37644.6
37915.7
37915.7
37915.7
38186.7
38186.7
38186.7
38548.2
38638.6
38728.9
38909.6
39090.4
39090.4
39271.1
39271.1
39451.8
39451.8
39813.3
39813.3
39994
39994
40174.7
40174.7
40355.4
40355.4
40776.9
40776.9
40897.6
40897.6
41078.3
41078.3
41259
41259
41620.5
41801.2
41981.9
42343.4
42524.1
42885.5
43247
43608.4
43789.2
43969.9
44150.6
44512
44692.8
44873.5
45234.9
45415.7
45596.4
45957.8
46138.6
46319.3
46500
46680.7
46861.4
47042.2
47042.2
47403.6
47584.3
47765.1
47765.1
48126.5
48126.5
48307.2
48488
48668.7
48849.4
49030.1
49210.8
49391.6
49572.3
49572.3
49753
49933.7
49933.7
50295.2
50295.2
50475.9
50656.6
50656.6
51018.1
51018.1
51379.5
51379.5
51650.6
51741
51921.7
52102.4
52283.1
52463.9
52463.9
52644.6
52825.3
52825.3
53006
53186.7
53186.7
53367.5
53367.5
53548.2
53548.2
53728.9
53909.6
54090.4
54090.4
54271.1
54271.1
54451.8
54632.5
54632.5
54813.3
54813.3
55147.7
55147.7
55355.4
55355.4
55536.1
55536.1
55716.9
55716.9
56078.3
56078.3
56259
56259
56439.8
56439.8
56801.2
56801.2
56801.2
56801.2
57162.7
57162.7
57524.1
57704.8
58066.3
58066.3
58247
58427.7
58608.4
58969.9
59150.6
59331.3
59692.8
59692.8
60054.2
60415.7
60596.4
60957.8
60957.8
61138.6
61138.6
61319.3
61319.3
61500
61500
61861.4
61861.4
62222.9
62222.9
62584.3
62945.8
62945.8
63307.2
63307.2
63488
63849.4
63849.4
64030.1
64210.8
64391.6
64753
64933.7
65114.5
65475.9
65837.3
66198.8
66379.5
66741
67102.4
67283.1
67644.6
67644.6
67644.6
67644.6
68006
68006
68006
68006
68548.2
68728.9
68909.6
69090.4
69271.1
69451.8
69994
70174.7
70355.4
70536.1
70716.9
70897.6
71259
71620.5
71801.2
71981.9
72162.7
72343.3
72524.1
72704.8
72885.5
73066.3
73247
73427.7
73608.4
73789.2
74331.3
74512
74692.8
74873.5
75054.2
75234.9
75777.1
75867.5
75957.8
76138.6
76319.2
76500
76680.7
76861.4
77042.2
77222.9
77403.6
77584.3
77765.1
77945.8
77945.8
78307.2
78307.2
78668.7
78668.7
78849.4
78849.4